10.838
8.873
4.616
2.897
7.469
1.023
2.557
5.534
6.067
0.110
12.599
1.649
1.730
9.860
4.185
0.636
1.976
5.569
16.168
23.085
2.528
1.151
3.388
0.620
0.931
1.279
4.403
1.519
1.033
0.766
7.875
6.832
4.378
9.226
6.546
8.894
6.766
1.396
2.878
10.273
2.188
26.340
8.436
4.610
0.581
0.582
1.402
4.101
3.259
5.092
2.272
3.231
0.999
3.385
1.440
2.908
10.744
1.621
7.330
2.807
14.138
2.302
3.376
3.692
2.621
7.085
0.282
5.891
1.130
0.242
5.811
4.119
0.850
2.491
16.522
0.951
2.230
0.619
1.403
4.293
2.126
2.841
9.485
6.069
16.603
5.604
0.069
3.289
10.919
1.320
6.377
6.660
2.370
1.626
17.322
3.553
1.535
0.850
0.007
6.415
1.685
7.687
1.540
1.335
8.227
9.408
2.801
3.013
15.429
0.518
2.907
5.665
3.924
6.738
5.259
0.849
2.528
1.627
10.389
6.861
2.174
1.991
4.845
21.555
3.269
5.184
8.803
9.261
8.828
0.197
1.078
4.384
1.212
0.807
3.016
1.341
3.650
3.557
0.789
1.701
0.572
2.291
5.370
3.171
0.789
8.563
0.330
0.071
1.038
1.094
3.856
2.583
1.775
0.444
0.216
0.717
17.517
1.876
1.844
6.837
2.306
4.373
0.394
2.134
3.947
8.888
23.280
7.002
1.961
3.517
3.425
2.012
1.807
1.012
0.250
12.690
7.154
1.056
0.845
1.351
9.927
2.174
1.193
3.319
0.289
6.107
6.620
3.053
8.524
8.599
3.514
0.587
0.476
2.017
11.125
4.664
1.632
0.856
1.079
2.306
