2.717
15.512
2.23
9.884
16.203
14.365
4.337
8.703
18.59
19.05
0.184
3.367
6.809
0.333
3.558
11.983
1.372
33.32
3.888
10.926
4.645
2.104
5.234
6.32
12.119
56.966
12.045
12.489
11.01
23.282
3.015
23.31
16.877
4.958
5.159
4.604
13.048
10.134
14.487
9.303
5.606
33.77
2.518
8.724
11.543
10.007
3.005
4.959
12.587
6.158
2.543
18.128
11.314
36.409
49.939
3.044
17.562
32.569
15.715
15.337
0.013
47.138
7.863
10.101
2.125
7.981
9.724
0.889
1.807
4.899
22.183
7.183
3.681
4.802
34.005
7.204
2.917
4.634
6.129
4.589
17.085
5.444
9.528
6.809
9.243
0.216
13.553
2.101
19.974
22.478
16.024
9.236
24.715
5.069
9.111
34.208
51.126
0.972
12.041
1.897
3.707
26.229
4.756
3.713
0.197
15.695
4.692
9.312
1.836
29.865
16.473
0.12
7.775
8.089
8.609
1.872
13.562
26.354
36.58
10.039
13.185
1.601
1.278
4.288
2.668
22.506
18.697
22.334
18.004
18.528
5.751
28.357
28.177
4.905
17.207
9.731
23.704
8.075
0.855
1.379
2.484
4.412
7.194
13.317
37.09
11.725
15.234
13.641
2.059
15.361
1.912
3.848
3.071
22.197
8.906
8.83
14.22
4.369
1.596
21.982
9.525
6.288
0.701
3.928
1.307
5.614
1.45
11.724
9.262
0.039
2.071
1.347
1.104
3.948
3.958
0.272
10.665
24.409
21.195
7.641
13.983
10.284
25.278
17.544
6.831
13.558
15.759
8.736
11.326
9.185
11.218
3.775
0.797
5.68
0.032
0.657
52.012
17.84
3.281
1.805
43.411
1.775
11.422
7.407
5.428
19.815
3.433
12.944
26.447
33.517
8.048
1.317
9.572
11.155
1.629
5.662
16.776
5.289
9.266
17.887
3.5
20.465
6.91
6.125
1.226
0.132
0.199
0.355
2.07
0.365
24.293
1.363
9.12
37.082
13.338
4.931
12.934
0.627
5.13
7.128
94.253
2.916
26.923
4.205
33.488
10.302
14.056
3.46
1.032
3.548
10.997
41.761
3.191
7.636
1.717
6.036
9.117
27.097
7.133
3.614
0.845
0.656
12.18
5.162
9.895
2.756
2.291
1.083
6.254
1.332
30.381
9.65
3.418
0.353
36.14
2.463
4.429
15.483
10.625
20.653
0.495
4.602
1.107
3.236
9.476
5.192
0.905
8.244
8.754
15.51
2.362
3.59
7.077
10.418
2.533
15.564
12.361
28.894
17.678
1.576
