69.159
60.781
25.303
9.289
1.390
32.426
32.438
5.637
1.216
4.166
20.923
19.995
15.432
43.444
34.840
15.894
49.729
3.708
80.815
5.625
15.311
12.432
2.319
18.156
1.135
8.699
4.171
3.889
2.465
85.454
9.703
11.519
10.785
19.278
7.703
46.647
22.473
5.074
9.171
0.327
11.378
4.079
21.430
35.529
18.919
24.632
0.903
20.360
8.126
3.317
2.748
31.458
30.409
76.847
0.340
19.292
17.055
16.183
5.871
48.002
35.570
5.254
25.383
8.668
18.074
12.852
21.576
19.987
2.561
17.591
17.793
10.560
14.965
57.425
17.382
14.902
26.520
25.965
15.413
13.253
16.317
35.654
29.098
14.051
7.650
16.920
7.975
5.091
39.179
10.789
28.748
3.182
12.134
37.202
9.167
14.380
19.740
8.889
7.124
25.398
22.568
36.348
1.959
0.137
0.031
32.336
36.020
17.230
3.206
67.928
7.389
20.690
9.712
5.029
3.344
25.754
15.576
13.748
48.460
8.384
15.015
0.941
28.820
75.712
7.487
39.723
19.180
53.824
7.142
4.500
8.254
8.781
15.016
29.055
3.861
5.003
38.120
5.253
33.044
17.135
52.816
43.325
52.122
49.281
2.913
21.160
21.105
7.960
37.688
0.214
1.502
54.195
18.217
1.644
1.868
3.475
6.302
28.901
34.494
1.434
29.259
48.184
1.829
8.746
27.942
0.686
3.964
0.256
2.463
70.617
99.448
23.175
14.024
17.611
20.554
5.801
8.959
14.585
14.417
23.294
30.820
21.246
8.587
8.023
4.056
1.608
26.128
83.199
14.250
30.954
29.565
8.841
62.322
30.442
0.577
6.481
18.066
4.097
30.482
29.602
14.382
12.345
12.914
6.617
19.832
8.978
20.960
51.818
3.163
8.469
11.945
5.168
7.546
23.819
3.142
10.838
13.492
9.604
0.844
18.805
72.038
16.119
5.687
8.983
46.984
7.381
41.307
8.673
3.819
8.463
4.842
20.016
14.045
15.690
0.302
43.010
6.102
24.170
3.088
6.036
34.535
26.639
104.019
22.029
17.911
28.600
5.895
8.811
19.096
39.431
36.394
10.353
47.315
6.505
17.484
24.685
103.123
68.786
10.235
37.815
1.769
24.111
16.809
3.381
0.384
34.526
0.680
9.351
1.053
24.110
40.394
23.828
6.796
16.793
45.981
48.552
33.306
1.299
11.632
12.484
8.361
21.209
28.846
2.321
2.965
102.108
29.083
15.390
8.934
18.408
3.489
3.611
13.217
23.743
58.456
45.269
5.523
14.258
40.541
22.087
