2.307
13.173
1.894
8.393
13.759
12.198
3.683
7.39
15.786
16.176
0.157
2.859
5.782
0.282
3.022
10.176
1.165
28.294
3.301
9.278
3.945
1.787
4.444
5.366
10.291
48.373
10.228
10.606
9.349
19.77
2.56
19.794
14.331
4.21
4.381
3.91
11.08
8.605
12.302
7.9
4.76
28.677
2.138
7.408
9.802
8.498
2.552
4.211
10.689
5.23
2.16
15.394
9.608
30.917
42.407
2.585
14.913
27.656
13.344
13.023
0.011
40.028
6.677
8.578
1.805
6.777
8.257
0.755
1.535
4.16
18.837
6.099
3.126
4.078
28.876
6.117
2.477
3.935
5.205
3.897
14.508
4.622
8.091
5.782
7.849
0.184
11.509
1.784
16.962
19.087
13.607
7.843
20.987
4.305
7.737
29.048
43.414
0.825
10.225
1.61
3.148
22.272
4.039
3.153
0.167
13.327
3.984
7.907
1.559
25.36
13.988
0.102
6.602
6.869
7.311
1.59
11.517
22.379
31.063
8.525
11.197
1.36
1.085
3.641
2.266
19.111
15.877
18.965
15.288
15.734
4.883
24.08
23.927
4.165
14.611
8.264
20.129
6.857
0.726
1.171
2.109
3.746
6.109
11.308
31.495
9.956
12.936
11.583
1.749
13.044
1.624
3.267
2.608
18.849
7.563
7.498
12.076
3.71
1.355
18.666
8.089
5.34
0.595
3.336
1.109
4.767
1.232
9.956
7.865
0.033
1.758
1.144
0.937
3.352
3.361
0.231
9.056
20.727
17.998
6.488
11.874
8.733
21.465
14.898
5.801
11.513
13.382
7.418
9.618
7.8
9.526
3.206
0.677
4.823
0.028
0.558
44.167
15.149
2.786
1.533
36.864
1.508
9.699
6.29
4.609
16.827
2.915
10.991
22.458
28.462
6.834
1.118
8.128
9.472
1.383
4.808
14.245
4.491
7.868
15.189
2.972
17.379
5.868
5.201
1.041
0.112
0.169
0.301
1.758
0.31
20.629
1.157
7.744
31.489
11.326
4.187
10.983
0.533
4.356
6.053
80.036
2.476
22.862
3.571
28.437
8.748
11.936
2.938
0.876
3.012
9.339
35.462
2.71
6.484
1.458
5.126
7.742
23.01
6.057
3.069
0.717
0.557
10.343
4.384
8.402
2.341
1.945
0.92
5.31
1.131
25.799
8.195
2.903
0.299
30.689
2.092
3.761
13.148
9.022
17.537
0.42
3.908
0.94
2.748
8.046
4.409
0.769
7.001
7.433
13.171
2.006
3.048
6.01
8.847
2.151
13.217
10.497
24.536
15.011
1.338
