2.91
16.613
2.388
10.585
17.352
15.384
4.644
9.32
19.908
20.401
0.197
3.606
7.292
0.356
3.811
12.833
1.47
35.683
4.163
11.701
4.975
2.253
5.605
6.768
12.978
61.006
12.899
13.375
11.791
24.933
3.229
24.964
18.074
5.309
5.525
4.931
13.974
10.853
15.515
9.963
6.003
36.166
2.696
9.343
12.362
10.717
3.218
5.31
13.48
6.595
2.724
19.414
12.117
38.991
53.482
3.26
18.807
34.879
16.829
16.425
0.014
50.482
8.421
10.818
2.276
8.547
10.413
0.952
1.936
5.246
23.756
7.692
3.942
5.143
36.417
7.715
3.124
4.963
6.564
4.915
18.297
5.83
10.204
7.292
9.898
0.231
14.514
2.25
21.391
24.072
17.161
9.892
26.468
5.429
9.757
36.635
54.752
1.041
12.895
2.031
3.97
28.089
5.094
3.976
0.211
16.808
5.024
9.972
1.966
31.983
17.641
0.128
8.326
8.663
9.22
2.005
14.524
28.223
39.175
10.751
14.121
1.715
1.369
4.592
2.858
24.102
20.024
23.918
19.281
19.843
6.159
30.369
30.175
5.252
18.427
10.422
25.386
8.648
0.916
1.477
2.66
4.725
7.705
14.261
39.721
12.556
16.315
14.608
2.205
16.451
2.048
4.121
3.289
23.772
9.538
9.456
15.229
4.679
1.709
23.541
10.201
6.734
0.75
4.207
1.399
6.012
1.553
12.556
9.919
0.041
2.217
1.443
1.182
4.228
4.239
0.292
11.421
26.14
22.698
8.183
14.975
11.013
27.071
18.789
7.316
14.52
16.877
9.356
12.13
9.837
12.014
4.043
0.854
6.083
0.035
0.703
55.701
19.105
3.514
1.933
46.491
1.901
12.232
7.932
5.813
21.221
3.677
13.862
28.323
35.895
8.619
1.41
10.251
11.946
1.744
6.064
17.966
5.664
9.923
19.155
3.748
21.917
7.4
6.56
1.313
0.142
0.213
0.38
2.217
0.391
26.016
1.459
9.767
39.712
14.284
5.281
13.852
0.672
5.494
7.634
100.938
3.122
28.833
4.503
35.864
11.033
15.053
3.705
1.105
3.799
11.778
44.723
3.418
8.177
1.838
6.464
9.764
29.019
7.639
3.871
0.905
0.703
13.044
5.528
10.597
2.952
2.453
1.16
6.697
1.427
32.536
10.335
3.661
0.378
38.704
2.638
4.743
16.582
11.378
22.117
0.53
4.929
1.186
3.466
10.148
5.561
0.97
8.829
9.375
16.611
2.53
3.845
7.579
11.157
2.713
16.668
13.238
30.943
18.932
1.688
