4.076
23.269
3.345
14.825
24.304
21.547
6.505
13.054
27.885
28.574
0.277
5.05
10.214
0.499
5.337
17.975
2.058
49.98
5.832
16.389
6.968
3.156
7.851
9.48
18.178
85.449
18.067
18.734
16.515
34.923
4.523
34.965
25.316
7.437
7.738
6.906
19.573
15.201
21.731
13.955
8.409
50.656
3.777
13.086
17.315
15.01
4.508
7.438
18.881
9.238
3.815
27.192
16.971
54.613
74.909
4.566
26.342
48.853
23.572
23.005
0.02
70.708
11.795
15.152
3.188
11.972
14.586
1.333
2.711
7.348
33.275
10.774
5.521
7.204
51.007
10.806
4.376
6.952
9.194
6.884
25.627
8.165
14.292
10.213
13.864
0.324
20.33
3.151
29.962
33.717
24.036
13.855
37.072
7.604
13.667
51.313
76.689
1.458
18.061
2.845
5.56
39.343
7.135
5.569
0.296
23.542
7.037
13.968
2.754
44.798
24.709
0.179
11.662
12.134
12.914
2.808
20.344
39.531
54.871
15.059
19.778
2.402
1.917
6.432
4.003
33.759
28.046
33.501
27.006
27.793
8.626
42.536
42.265
7.357
25.81
14.597
35.557
12.113
1.283
2.069
3.726
6.617
10.792
19.975
55.635
17.587
22.851
20.461
3.089
23.042
2.868
5.771
4.607
33.296
13.359
13.245
21.331
6.554
2.394
32.973
14.288
9.433
1.051
5.892
1.96
8.421
2.176
17.586
13.893
0.058
3.106
2.021
1.656
5.921
5.938
0.408
15.997
36.613
31.792
11.461
20.975
15.426
37.917
26.316
10.247
20.337
23.639
13.104
16.99
13.778
16.828
5.663
1.196
8.52
0.049
0.985
78.018
26.76
4.921
2.707
65.117
2.663
17.133
11.11
8.141
29.723
5.15
19.416
39.671
50.276
12.072
1.975
14.357
16.732
2.443
8.494
25.163
7.933
13.899
26.83
5.25
30.698
10.365
9.188
1.839
0.198
0.298
0.533
3.105
0.547
36.44
2.044
13.68
55.623
20.007
7.396
19.402
0.941
7.695
10.693
141.379
4.373
40.385
6.308
50.232
15.453
21.083
5.19
1.548
5.321
16.496
62.642
4.787
11.454
2.575
9.054
13.676
40.646
10.7
5.422
1.267
0.984
18.27
7.743
14.842
4.135
3.436
1.625
9.38
1.998
45.572
14.476
5.128
0.529
54.21
3.695
6.644
23.225
15.937
30.979
0.742
6.904
1.661
4.854
14.213
7.789
1.358
12.366
13.131
23.266
3.543
5.385
10.616
15.627
3.8
23.347
18.542
43.341
26.517
2.364
